1
2
3
4
5
6
7
8
9
10
12
13
14
15
16
17
18
19
20
21
23
24
25
26
27
28
29
30
31
33
34
35
38
39
40
41
42
43
45
49
50
51
52
53
54
57
60
61
63
64
0
-1450.7113, -3.16497016, -1906.46094, 0, 0, 1, 0, 1, 0, -1, 0, 0
!9a37a4a5-d3c9-418e-849d-e58a4ef35f02

    Table:
    Opened
    Closed
    

Seat
-1433.75659, -3.06497169, -1736.36121
Team
KeyCode
-1273.57996, 19.450058, -1557.57471, -1, 0, 0, 0, 1, 0, 0, 0, -1

    Table:
    anim
    weight
    

-756.20813, 67.1341782, 817.172546

    Table:
    FadedOut
    FadedIn
    

2432d298-d876-40ee-a796-b80cd935cdbc

    Table:
    Type
    Name
    RarityId
    Rarity
    EffectivePrice
    

-1191/-1840
-1410.79651, 1.4500618, -1820.11121
687/570

    Table:
    VehicleEnter
    IKP
    UpdateLQ
    UpdateWheel
    UpdateHQ
    


    Table:
    Sort
    Center
    Model
    Parent
    Locked
    Loaded
    MinDist
    


    Table:
    Destroy
    BaseMessage
    UpdateAnimFunction
    Destroyed
    GetHeightFunction
    BaseFrame
    ObjectPool
    ID
    FadeOutFunction
    FadeInFunction
    UpdateTextFunction
    

105.70546, 19.2178459, -1764.04407, -0.0697480068, -1.50703784e-06, 0.997564733, -4.31331064e-05, 1, -1.50507526e-06, -0.997564733, -4.31330336e-05, -0.0697480068

    Table:
    TextTransparency
    TextStrokeTransparency
    


    Table:
    1
    2
    


    Table:
    

ApartmentShared

1568989848
Passenger
1568989880

    Table:
    TextTransparency
    TextStrokeTransparency
    


    Table:
    Name
    Blank
    Icon
    


    Table:
    Destroy
    BaseMessage
    UpdateAnimFunction
    Destroyed
    GetHeightFunction
    BaseFrame
    ObjectPool
    ID
    FadeOutFunction
    FadeInFunction
    UpdateTextFunction
    


    Table:
    WorldPosition
    Timed
    Dist
    Part
    Duration
    Callback
    HideFun
    ValidRoot
    Name
    Enabled
    Update
    Priority
    ShowFun
    Tag
    

649.401428, 16.0874443, 867.04248, -0.76582551, 0, 0.643048406, 0, 1, -0, -0.643048406, 0, -0.76582551
-1, 0, 0
14.060194969177
397/1104

    Table:
    State
    Type
    Settings
    OpenCFrame
    Time
    ClosedCFrame
    Tag
    

1386598740
45000

    Table:
    Type
    ServerOnly
    Duration
    TeamBlacklist
    SequenceRequireState
    Character
    Key
    Team
    Vehicle
    Delay
    Locked
    

SwingDoor
Connection

    Table:
    Type
    Name
    RarityId
    Rarity
    EffectivePrice
    


    Table:
    FadedOut
    FadedIn
    

UDim2
Humanoid

    Table:
    FadedOut
    FadedIn
    

1262926768

    Table:
    Type
    OpenFun
    Model
    Resolved
    State
    AwaitingDoorClose
    Name
    OpenCFrame
    CloseFun
    Settings
    ClosedCFrame
    Tag
    

-1331.22937, 15.0478239, -1346.64587
Enum.HumanoidStateType.Landed
Seat

    Table:
    Part
    Fun
    Tag
    


    Table:
    Inputs
    Name
    Callback
    Image
    

Heli

    Table:
    i
    Name
    MinPlayers
    Team
    

FadeInFunction

    Table:
    TextTransparency
    TextStrokeTransparency
    


    Table:
    ImageId
    


    Table:
    Type
    OpenFun
    Resolved
    State
    AwaitingDoorOpen
    Time
    OpenCFrame
    CloseFun
    Settings
    ClosedCFrame
    Tag
    


    Table:
    Opened
    Closed
    

G
Connection
-1284.13574, 19.1374454, 337.063904, 0.766042888, 0.0180487689, 0.642536044, -9.31322575e-10, 0.999605715, -0.0280788187, -0.642789483, 0.0215095785, 0.765740812
SwingDoor
Util

    Table:
    Sort
    Center
    Model
    Parent
    Locked
    Loaded
    MinDist
    


    Table:
    1
    2
    3
    

-2.17553711, 0, -0.000122070313, 1, 0, 0, 0, 1, 0, 0, 0, 1

    Table:
    Destroy
    BaseMessage
    UpdateAnimFunction
    Destroyed
    GetHeightFunction
    BaseFrame
    ObjectPool
    ID
    FadeOutFunction
    FadeInFunction
    UpdateTextFunction
    

U
T

    Table:
    TextTransparency
    TextStrokeTransparency
    

rbxassetid://880310767
-1040.72534, 14.9303493, -654.003601
1078961151

    Table:
    Sort
    Center
    Model
    Parent
    Locked
    Loaded
    MinDist
    

-1403.89661, -3.16497016, -1818.72583, 1, 0, 0, 0, 1, 0, 0, 0, 1
Passenger

    Table:
    FadedOut
    FadedIn
    


    Table:
    Color
    

c
3.2
e

    Table:
    Opened
    Closed
    

1529778627
i
1529778659
Connection
0/736
-1356.30872, 19.450058, -1604.44556, 0, 0, -1, 0, 1, 0, 1, 0, 0
n

    Table:
    __type
    __namecall
    __eq
    __tostring
    __metatable
    __index
    __newindex
    

p
SwingDoor

    Table:
    Target
    Current
    NormalizedExptValue
    

Chrome
t
1529777859
v
y

    Table:
    Enabled
    Timed
    Dist
    Part
    Duration
    Callback
    ValidRoot
    Name
    IsVehicle
    Priority
    Tag
    

-1410.79651, 1.4500618, -1800.11121
Drawer

    Table:
    Sort
    Center
    Model
    Parent
    Locked
    Loaded
    MinDist
    


    Table:
    Type
    ServerOnly
    Duration
    TeamBlacklist
    SequenceRequireState
    Character
    Key
    Team
    Vehicle
    Delay
    Locked
    

Frame
0.10892802476883
Touch

    Table:
    Sort
    Center
    Model
    Parent
    Locked
    Loaded
    MinDist
    


    Table:
    Sort
    Center
    Model
    Parent
    Locked
    Loaded
    MinDist
    

-2.1750946, 0, 0.000122070313, 1, 0, 0, 0, 1, 0, 0, 0, 1
Connection

    Table:
    Name
    Price
    Icon
    


    Table:
    Proxy
    Direction
    NoAnimate
    Open
    CloseTime
    


    Table:
    GetColorFromName
    Rules
    Colors
    DefaultColors
    

397/736
1335
309.80798339844
1351
SwingDoor
1529782406.607
4.6
0, 0, -1
1391

    Table:
    __type
    __eq
    __tostring
    __metatable
    __index
    __newindex
    


    Table:
    Name
    Price
    Icon
    

1263053600

    Table:
    NextToggle
    Part
    Frame
    Color
    Team
    

55.486129760742

    Table:
    BezierPt2ForT
    _BezierPt2ForT
    Expty
    DeltaTimeToTimescale
    BezierValForT
    NormalizedDefaultExptValueInSeconds
    Expt
    Sign
    YForPointOf2PtLine
    SecondsToTick
    ExptValueInSeconds
    

-1406.49658, -3.16497016, -1817.22583, 1, 0, 0, 0, 1, 0, 0, 0, 1
MasterControl
2941.7983398438

    Table:
    Direction
    OpenFun
    Type
    Resolved
    State
    AwaitingDoorClose
    Settings
    Model
    CloseFun
    HingeRelativeCFrame
    ClosedCFrame
    Tag
    

1074295384
c301105c-8058-46d6-9b2c-e19eb99c16ac

    Table:
    Type
    Name
    RarityId
    Rarity
    EffectivePrice
    


    Table:
    TextTransparency
    TextStrokeTransparency
    

629.516846, 16.0874443, 894.093262, -0.848030508, 0, 0.52994746, 0, 1, -0, -0.52994746, 0, -0.848030508
d856eb33-750e-47b8-9cd2-6e4698a67527
794/736
-2.17492676, 0, 0, 1, 0, 0, 0, 1, 0, 0, 0, 1

    Table:
    FadedOut
    FadedIn
    


    Table:
    Name
    Price
    Icon
    


    Table:
    FadedOut
    FadedIn
    


    Table:
    1
    2
    

1263070256
1263064240
Level 3
!3fea6299-d2be-4c2c-9552-1e62e999ccdc
195678590
1263065344

    Table:
    CIRCLE1
    CUSTOM
    CORNERS
    CIRCLE2
    SMART_CIRCLE
    LIMBS
    MOVEMENT
    LIMBMOVE
    CHAR_OUTLINE
    


    Table:
    


    Table:
    TextTransparency
    TextStrokeTransparency
    

961867802
1263068448

    Table:
    1
    2
    

Roads

    Table:
    TextTransparency
    TextStrokeTransparency
    

Passenger
ClickToMoveFailStateChanged
1263053424
1529782406.607
BrickColor

    Table:
    

-1406.49658, -3.16497016, -1838.72583, 1, 0, 0, 0, 1, 0, 0, 0, 1
-1.97509766, 0, 0, 1, 3.05171125e-05, -3.05161811e-05, -3.05161811e-05, 1, 3.05171125e-05, 3.05171125e-05, -3.05161811e-05, 1
1263053520
961867914
961867922

    Table:
    Proxy
    Direction
    NoAnimate
    Open
    CloseTime
    

105, 105
-1325.80994, 21.2037716, 1167.68384

    Table:
    Type
    Name
    RarityId
    Rarity
    EffectivePrice
    

-397/1104

    Table:
    Destroy
    BaseMessage
    UpdateAnimFunction
    Destroyed
    GetHeightFunction
    BaseFrame
    ObjectPool
    ID
    FadeOutFunction
    FadeInFunction
    UpdateTextFunction
    

Brakes
Connection

    Table:
    Sort
    Center
    Model
    Parent
    Locked
    Loaded
    MinDist
    

OnNewMessage
1529782406.607
-1406.49658, -3.16497016, -1857.22583, 1, 0, 0, 0, 1, 0, 0, 0, 1

    Table:
    FadedOut
    FadedIn
    

RightUpperLeg
0.707106769, 0, -0.707106769
2477.9936523438

    Table:
    IsPlayer
    Timed
    Dist
    PlayerName
    Duration
    Callback
    ValidRoot
    Name
    Priority
    Part
    Tag
    

28.121719360352
ChatBar
Seat

    Table:
    IsFilterResult
    FromSpeaker
    OriginalChannel
    Message
    MessageLength
    Time
    SpeakerUserId
    ID
    IsFiltered
    ExtraData
    MessageType
    

-1410.79651, 1.4500618, -1780.11121

    Table:
    ImageId
    


    Table:
    team
    all
    system
    


    Table:
    FadedOut
    FadedIn
    

MessageCreatorFunc
1529782406.607
TextLabel
Regular Houseplant
0/1104
-2.17504883, 0, 0, 1, 0, 0, 0, 1, 0, 0, 0, 1

    Table:
    anim
    weight
    


    Table:
    Proxy
    Direction
    NoAnimate
    Open
    CloseTime
    

SwingDoor
-9.8

    Table:
    Type
    Name
    RarityId
    Rarity
    EffectivePrice
    

TextLabel

    Table:
    FadedOut
    FadedIn
    

Small Dance Floor
ab2f792d-b92f-477d-9b49-6e4359bf4974

    Table:
    Sort
    Center
    Model
    Parent
    Locked
    Loaded
    MinDist
    

TeamValue

    Table:
    FadedOut
    FadedIn
    


    Table:
    Color
    

-1449.69629, 0.31003952, -1891.86121, 0, 0, -1, 0, 1, 0, 1, 0, 0

    Table:
    FadedOut
    FadedIn
    

ApartmentDoor
Passenger
EchoSoundEffect
307.85131835938
1470227733
1470227749

    Table:
    Part
    Fun
    Tag
    

-1443.07996, 19.450058, -1745.97473, -1, 0, 0, 0, 1, 0, 0, 0, -1

    Table:
    i
    MinPlayers
    Team
    Name
    ServerStart
    


    Table:
    NameColor
    Tags
    

HumanoidStateType

    Table:
    Name
    Price
    Icon
    Hidden
    

Frame
787.383667, 22.8216782, -1407.84998

    Table:
    FadedOut
    FadedIn
    

-1323.14319, 20.8874435, 299.377777, 0.612566054, 0.0268576089, 0.789963007, -0, 0.99942261, -0.0339789353, -0.7904194, 0.0208143424, 0.61221236
SwingDoor
OnNewSystemMessage
Frame

    Table:
    CloseTime
    Direction
    Open
    Proxy
    

Enum.KeyCode.I
142.704651, 19.2178459, -1786.14282, -0.754710972, 1.78971914e-05, 0.656057537, 3.92721231e-05, 1, 1.78976807e-05, -0.656057537, 3.9272345e-05, -0.754710972

    Table:
    TextTransparency
    TextStrokeTransparency
    


    Table:
    Part
    Fun
    Tag
    


    Table:
    Type
    Name
    RarityId
    Rarity
    EffectivePrice
    

35.743183135986
904789007

    Table:
    Sort
    Center
    Model
    Parent
    Locked
    Loaded
    MinDist
    

Touch
Passenger

    Table:
    Target
    Current
    NormalizedExptValue
    


    Table:
    Name
    Price
    Icon
    


    Table:
    TextTransparency
    TextStrokeTransparency
    

0.152941, 0.27451, 0.176471
904789111
616.868164, 16.0874443, 917.895142, -0.916031837, 0, 0.401105732, 0, 1, -0, -0.401105791, 0, -0.916031718
ToggleSafes
You
616, 116
13.562457084656
397/368
-1.97546387, 0, 0.000244140625, 1, 0, 0, 0, 1, 0, 0, 0, 1
894313531

    Table:
    Target
    Current
    NormalizedExptValue
    


    Table:
    ImageId
    

SwingDoor

    Table:
    Type
    ServerOnly
    Duration
    TeamBlacklist
    SequenceRequireState
    Character
    Key
    Team
    Vehicle
    Delay
    Locked
    

894314083
-1702.90149, 20.597002, -282.840424

    Table:
    

894313131
453.414886, 42.9675064, 808.57959

    Table:
    id
    weight
    


    Table:
    Target
    Current
    NormalizedExptValue
    

SewerHatch

    Table:
    Type
    Name
    RarityId
    Rarity
    EffectivePrice
    

Passenger
Touch
18.00001335144
894311219

    Table:
    Sort
    Center
    Model
    Parent
    Locked
    Loaded
    MinDist
    


    Table:
    Sort
    Center
    Model
    Parent
    Locked
    Loaded
    MinDist
    

-2.17504883, 0, -6.86645508e-05, 1, 3.05171125e-05, -3.05161811e-05, -3.05161811e-05, 1, 3.05171125e-05, 3.05171125e-05, -3.05161811e-05, 1

    Table:
    Target
    Current
    NormalizedExptValue
    

0.960784, 0.803922, 0.188235
http://www.roblox.com/asset/?id=522638767

    Table:
    Type
    ServerOnly
    Duration
    TeamBlacklist
    SequenceRequireState
    Character
    Key
    Team
    Vehicle
    Delay
    Locked
    

894328435
-1410.79651, 1.4500618, -1760.11121
-397/368
-1337.61011, 21.4874458, 288.943848, 0.557300448, 0.0275900979, 0.829852462, -1.86264515e-09, 0.999447942, -0.0332286283, -0.830311, 0.0185183268, 0.55699265
3929.3047187227
SwingDoor
Connection

    Table:
    i
    Name
    

!05f3fe4a-afba-4966-98b9-f23459b18629

    Table:
    ImageId
    


    Table:
    Proxy
    Direction
    NoAnimate
    Open
    CloseTime
    

RunAnim
Animation3
-1403.89661, -3.16497016, -1778.72583, 1, 0, 0, 0, 1, 0, 0, 0, 1
-1406.49658, -3.16497016, -1818.72583, 1, 0, 0, 0, 1, 0, 0, 0, 1
Passenger

    Table:
    Proxy
    Direction
    NoAnimate
    Open
    CloseTime
    

893834156
611.740356, 16.0874443, 930.656433, -0.938194454, 0, 0.346108764, 0, 1, -0, -0.346108794, 0, -0.938194335
TweenService

    Table:
    Sort
    Center
    Model
    Parent
    Locked
    Loaded
    MinDist
    

69afa184-a2a6-4624-b3ac-0fd91e09d4fb
233.9455871582
397/0
-1396.05847, 19.0000572, -1560.29602, 0, 0, 1, 0, 1, -0, -1, 0, 0

    Table:
    Target
    Current
    NormalizedExptValue
    

1546.88074, 34.9910049, 630.899536

    Table:
    Target
    Current
    NormalizedExptValue
    


    Table:
    1
    2
    


    Table:
    Opened
    Closed
    

893832780
395.749634, 29.1353531, 1822.74915

    Table:
    1
    


    Table:
    

3.2542883458105e-15
Touch
893832852
Connection
893833876

    Table:
    Type
    ServerOnly
    Duration
    TeamBlacklist
    SequenceRequireState
    Character
    Key
    Team
    Vehicle
    Delay
    Locked
    

893831884
Passenger
ReverbSoundEffect

    Table:
    1
    2
    3
    

-1329.56519, 19.450058, -1564.57507, -0.707121432, 3.98727716e-05, -0.707092226, 1.65159399e-05, 1, 3.98731609e-05, 0.707092226, 1.65168731e-05, -0.707121432

    Table:
    ItemStacks
    


    Table:
    Sort
    Center
    Model
    Parent
    Locked
    Loaded
    MinDist
    


    Table:
    Type
    ServerOnly
    Duration
    TeamBlacklist
    SequenceRequireState
    Character
    Key
    Team
    Vehicle
    Delay
    Locked
    

1567.2639160156
1446.96057, 42.6821709, 469.194916
Rain
794/1472
-1352.94678, 22.0374451, 279.485107, 0.491739601, 0.0241543092, 0.870407164, -0, 0.999615133, -0.027739903, -0.870742381, 0.0136408089, 0.491550267
SwingDoor
Turbine
-1450.7113, -3.16497016, -1909.06104, 0, 0, 1, 0, 1, 0, -1, 0, 0
893835644

    Table:
    Destroy
    BaseMessage
    UpdateAnimFunction
    Destroyed
    GetHeightFunction
    BaseFrame
    ObjectPool
    ID
    FadeOutFunction
    FadeInFunction
    UpdateTextFunction
    


    Table:
    TV Stand
    Snowy Plant
    Fat Chair
    Snowman
    Rotated Table
    TV Wall
    Thin Chair
    Regular Houseplant
    Regular Table
    Ultrawide TV
    Thin Desk
    Tall Houseplant
    Modern Table
    Original TV
    Round Stool
    Storage Desk
    Lamp Post
    Original Lamp
    Pool Table
    Small Dance Floor
    Bed with Cabinents
    Round Dance Floor
    Double Twin
    Square Stool
    Modern Couch
    

-27

    Table:
    1
    2
    3
    4
    5
    6
    7
    8
    9
    10
    11
    12
    13
    14
    15
    16
    17
    18
    19
    20
    21
    22
    23
    24
    25
    26
    27
    28
    29
    30
    31
    32
    33
    34
    35
    36
    37
    38
    39
    40
    41
    42
    43
    44
    45
    46
    47
    48
    49
    50
    51
    52
    53
    54
    55
    56
    57
    58
    59
    60
    61
    62
    63
    64
    65
    66
    67
    68
    69
    70
    71
    72
    73
    74
    75
    76
    77
    78
    79
    80
    81
    82
    83
    84
    85
    86
    87
    88
    89
    90
    91
    92
    93
    94
    95
    96
    97
    98
    99
    100
    101
    102
    103
    104
    105
    106
    107
    108
    109
    110
    111
    112
    113
    114
    115
    116
    117
    118
    119
    120
    121
    122
    123
    124
    125
    126
    127
    128
    129
    130
    131
    132
    133
    134
    135
    136
    137
    138
    139
    140
    141
    142
    143
    144
    145
    146
    147
    148
    149
    150
    151
    152
    153
    154
    155
    156
    157
    158
    159
    160
    161
    162
    163
    164
    165
    166
    167
    168
    169
    170
    

-1406.49658, -3.16497016, -1777.22583, 1, 0, 0, 0, 1, 0, 0, 0, 1
-1409.09668, -3.16497016, -1817.22583, 1, 0, 0, 0, 1, 0, 0, 0, 1
HumanoidRootPart
Passenger
AlexChassis2
-28
-73.9694443, 42.9675064, 571.148621

    Table:
    MessageObjectLog
    Name
    GuiObject
    Scroller
    CurrentChannelName
    Destroyed
    

MarketplaceService
235.95149230957
607.516785, 16.0874443, 943.560974, -0.962267578, 0, 0.272105098, 0, 0.99999994, -0, -0.272105128, 0, -0.962267458
Thumbpad
rbxassetid://1679785902
0.941177, 0.0392157, 0.0392157
-2.17501831, 0, 0.000122070313, 1, 3.05180438e-05, -3.05171125e-05, -3.05171125e-05, 1, 3.05180438e-05, 3.05180438e-05, -3.05171125e-05, 1

    Table:
    Proxy
    Direction
    NoAnimate
    Open
    CloseTime
    

SwingDoor
OnMainChannelSet

    Table:
    Type
    Name
    RarityId
    Id
    Rarity
    EffectivePrice
    

-1241.34607, 19.7999935, -1757.64917, 1, 0, 0, 0, 1, 0, 0, 0, 1
ce0c3da3-4ef5-4fc4-9880-8612098c21e3

    Table:
    Enabled
    Timed
    Dist
    Part
    Duration
    Callback
    ValidRoot
    Name
    IsVehicle
    Priority
    Tag
    

-1433.09619, 1.4500618, -1738.06116
1568989817
Base

    Table:
    Color
    


    Table:
    Target
    Current
    NormalizedExptValue
    

Seat
3059674
22d9f3e2-18f8-4152-9e48-0bbffe66ea51
-1409.09668, -3.16497016, -1838.72583, 1, 0, 0, 0, 1, 0, 0, 0, 1
-21.4728909, 19.2178459, -1782.56055, 0.996198952, 2.91573597e-05, 0.087105006, -3.18181919e-05, 1, 2.91573597e-05, -0.087105006, -3.18181919e-05, 0.996198952

    Table:
    PassId
    Text
    OldPassId
    


    Table:
    NameColor
    Tags
    


    Table:
    TextTransparency
    TextStrokeTransparency
    

2686.517578125

    Table:
    anim
    weight
    


    Table:
    TextTransparency
    TextStrokeTransparency
    


    Table:
    Opened
    Closed
    

-1367.18323, 22.4374447, 271.886353, 0.444151759, 0.0188330412, 0.895753622, 9.31322686e-10, 0.999779165, -0.0210201535, -0.895951688, 0.00933613908, 0.44405356
SwingDoor
SwallowGuestChat
Enum.Material.Air
AssetService
!25d3a3de-971e-4906-aa55-83aa4029011f
-1504.09656, 0.31003952, -1837.71082, -1, 0, 0, 0, 1, 0, 0, 0, -1

    Table:
    FadedOut
    FadedIn
    

2926.5541992188
718/-1626

    Table:
    Type
    Name
    RarityId
    Rarity
    EffectivePrice
    

Player
754972373
873.249878, 47.7356071, 1736.2467
Seat

    Table:
    Name
    Price
    Icon
    


    Table:
    Type
    OpenFun
    Resolved
    State
    Model
    Settings
    OpenCFrame
    CloseFun
    AwaitingDoorClose
    ClosedCFrame
    Tag
    

Run Service
-45
!2549049c-3770-407b-9cd8-81ba0ade1c8d
604.341858, 16.0874443, 956.577515, -0.979009807, 0, 0.203813508, 0, 1.00000012, -0, -0.203813508, 0, -0.979009807
MessagePosted
JointsService
1529778180
1529778196

    Table:
    Sort
    Center
    Model
    Parent
    Locked
    Loaded
    MinDist
    

-2.17504883, 0, 0, 1, 0, 0, 0, 1, 0, 0, 0, 1

    Table:
    Target
    Current
    NormalizedExptValue
    

1529778276
SwingDoor

    Table:
    FadedOut
    FadedIn
    

TouchInputService

    Table:
    Parachute
    Forward
    Descent
    

b xjh
Missile
189962121
!01c85a63-0be5-4094-9acd-4802b3ac1148
0/-1897
473bf385-8887-49ba-9469-80e0d9a1ce6c
530.140564, 14.9178286, -1321.30884

    Table:
    Direction
    OpenFun
    Type
    Resolved
    State
    AwaitingDoorClose
    Settings
    Model
    CloseFun
    HingeRelativeCFrame
    ClosedCFrame
    Tag
    

ChatChannelParentFrame

    Table:
    Type
    Name
    RarityId
    Id
    Rarity
    EffectivePrice
    

1078961328
Passenger

    Table:
    Sort
    Center
    Model
    Parent
    Locked
    Loaded
    MinDist
    

83.2819519, 19.6200123, 845.861328, -3.26636873e-05, 4.31581502e-05, -1, 9.29513355e-10, 1, 4.31581502e-05, 1, 4.80190998e-10, -3.26636873e-05
1529778756

    Table:
    Color
    

1529778804
709399676
66
397/-1840
-1379.5321, 22.5374451, 266.243439, 0.383579046, -0.00715873297, 0.923480272, -2.32830644e-10, 0.9999699, 0.00775167346, -0.923508048, -0.0029733798, 0.383567542
SwingDoor
Whisper
70
SwingDoor
105.340004, 3.01562691, 825.521118, -0.999389589, 2.99769363e-05, 0.0349345692, 3.10432479e-05, 1, 2.99807289e-05, -0.0349345692, 3.10469113e-05, -0.999389589
1078963792

    Table:
    FadedOut
    FadedIn
    

98649e19-7a0b-4390-ae6f-c0949c68d303
897602237
13.752410888672
63.999862670898
78
897602285
Seat
80

    Table:
    TextTransparency
    TextStrokeTransparency
    

81

    Table:
    Type
    Name
    RarityId
    Rarity
    EffectivePrice
    

602.002441, 16.0874443, 970.158081, -0.99082166, 0, 0.135176316, 0, 1, -0, -0.135176331, 0, -0.99082154
Connection
1529782411.6085

    Table:
    Sort
    Center
    Model
    Parent
    Locked
    Loaded
    MinDist
    

0/-1840
-1.9753418, 0, 0.000244140625, 1, 0, 0, 0, 1, 0, 0, 0, 1

    Table:
    Color
    


    Table:
    TextTransparency
    TextStrokeTransparency
    

Touch
90
SwingDoor
1074287129
!ebf03cfc-511d-485f-8857-af51ff0a7853
3870.638671875
93
-359/813
0.9, 0.3888, 0
Player

    Table:
    __unm
    __eq
    __metatable
    __tostring
    __add
    __type
    __div
    __mul
    __sub
    __namecall
    __newindex
    __index
    

-1430.89624, 0.31003952, -1891.86121, 0, 0, -1, 0, 1, 0, 1, 0, 0
97

    Table:
    Type
    ServerOnly
    Duration
    TeamBlacklist
    SequenceRequireState
    Character
    Key
    Team
    Vehicle
    Delay
    Locked
    

0.886275, 0.607843, 0.25098
gre
Passenger
ToggleMissions
1529782411.6085
Connection
-2.07531738, 0, 0, 1, 0, 0, 0, 1, 0, 0, 0, 1
!051d37c6-0b7d-4d65-8e8e-bf42ed790ca6
TouchJump

    Table:
    Direction
    OpenFun
    Type
    Resolved
    State
    AwaitingDoorClose
    Settings
    Model
    CloseFun
    HingeRelativeCFrame
    ClosedCFrame
    Tag
    

106, 522

    Table:
    Message
    Welcome
    Whisper
    SetCore
    MeCommand
    UnknownMessage
    System
    


    Table:
    Type
    Name
    RarityId
    Rarity
    EffectivePrice
    

0/-1472
839382fa-c681-4309-89fa-189319ee3f7c
!d9a187f3-68cf-487a-9471-92766aa2d781

    Table:
    Sort
    Center
    Model
    Parent
    Locked
    Loaded
    MinDist
    

GetInitDataRequest

    Table:
    Sort
    Center
    Model
    Parent
    Locked
    Loaded
    MinDist
    

-877.450317, 68.217514, -1757.01196

    Table:
    Target
    Current
    NormalizedExptValue
    

-1421.09644, 0.31003952, -1837.71082, -1, 0, 0, 0, 1, 0, 0, 0, -1

    Table:
    Proxy
    Direction
    NoAnimate
    Open
    CloseTime
    

0/813
45.004169464111
Touch
1263060481
0.9, 0.2592, 0
117
-1409.09668, -3.16497016, -1818.72583, 1, 0, 0, 0, 1, 0, 0, 0, 1
1263053489

    Table:
    Sort
    Center
    Model
    Parent
    Locked
    Loaded
    MinDist
    

1263066641
120

    Table:
    ImageId
    


    Table:
    VeryHighPriority
    MessageTypeMeCommand
    StandardPriority
    WhisperChannelPrefix
    MessageTypeSetCore
    MessageTypeDefault
    LowPriority
    HighPriority
    MessageTypeWhisper
    BuildVersion
    MinorVersion
    VeryLowPriority
    MajorVersion
    MessageTypeWelcome
    MessageTypeSystem
    

PointAnim
123
600.5979, 16.0874443, 983.666626, -0.997483611, 0, 0.070897527, 0, 1, -0, -0.070897527, 0, -0.997483611
!a393dcc1-2567-4d1b-a465-537bcaa10f46
105, 105
794/-1840
-1195.42981, 19.450058, -1603.47473, 1, 0, 0, 0, 1, 0, 0, 0, 1
1529782391.8785

    Table:
    Direction
    OpenFun
    Type
    Resolved
    State
    AwaitingDoorClose
    Settings
    Model
    CloseFun
    HingeRelativeCFrame
    ClosedCFrame
    Tag
    

SwingDoor
132
SwingDoor
135
Hijack
718/1626

    Table:
    Color
    

-1156.4281, 25.545435, -1674.95142, 0.704113126, 0.000349783048, 0.710083783, -4.45924088e-05, 0.999999881, -0.000448372535, -0.710083902, 0.000284039095, 0.704113066

    Table:
    Proxy
    Direction
    NoAnimate
    Open
    CloseTime
    

147
0.9, 0.1296, 0
Passenger
1446.04175, 14.9178305, 317.823639
!eed06350-ad4f-4fd4-9e1a-79d3a541fa21
153

    Table:
    Size
    Position
    

0.811765, 0.376471, 0.141176
-1133.3009, 41.6500587, -1574.20288, 0, 0, -1, 0, 1, 0, 1, 0, 0
-1473.89612, 1.4500618, -1738.06116
27.50447845459

    Table:
    ChannelTabs
    ScrollChannelsFrameLock
    GuiObject
    CurPageNum
    AnimParams
    GuiObjects
    NumTabs
    


    Table:
    FadedOut
    FadedIn
    

c69667d4-0d8e-4894-852f-efc91de2b9cc
-1405.1062, 22.3374443, 257.82428, 0.239146531, -0.00708638411, 0.970957577, -0, 0.999973297, 0.00729815103, -0.970983505, -0.00174532749, 0.239140153
SwingDoor
171
SwingDoor

    Table:
    id
    weight
    


    Table:
    Sort
    Center
    Model
    Parent
    Locked
    Loaded
    MinDist
    


    Table:
    Direction
    OpenFun
    Type
    Resolved
    State
    AwaitingDoorClose
    Settings
    Model
    CloseFun
    HingeRelativeCFrame
    ClosedCFrame
    Tag
    

1077/1084
Neck

    Table:
    anim
    weight
    

3534.9470214844

    Table:
    Sort
    Center
    Model
    Parent
    Locked
    Loaded
    MinDist
    

ApartmentCancel
Seat

    Table:
    FadedOut
    FadedIn
    

192
0.9, 0, 0

    Table:
    Type
    ServerOnly
    Duration
    TeamBlacklist
    SequenceRequireState
    Character
    Key
    Team
    Vehicle
    Delay
    Locked
    

600.164551, 16.0874443, 997.183105, -0.999979615, -0, -0.00638386002, -0, 1, -0, 0.00638386002, 0, -0.999979615
200
Buy

    Table:
    

/t 
1470227014
-1588/368

    Table:
    Destroy
    BaseMessage
    UpdateAnimFunction
    Destroyed
    GetHeightFunction
    BaseFrame
    ObjectPool
    ID
    FadeOutFunction
    FadeInFunction
    UpdateTextFunction
    


    Table:
    ImageId
    

SwingDoor

    Table:
    FadedOut
    FadedIn
    

SwingDoor
Engine
700089214
0/1084
Cuffed
Player

    Table:
    Type
    ServerOnly
    Duration
    TeamBlacklist
    SequenceRequireState
    Character
    Key
    Team
    Vehicle
    Delay
    Locked
    

3231.0795898438

    Table:
    Proxy
    Direction
    NoAnimate
    Open
    CloseTime
    


    Table:
    Type
    Name
    RarityId
    Rarity
    EffectivePrice
    

Passenger
231
Camaro
Animation2
-3.5, 0, 0, 1, 0, 0, 0, 1, 0, 0, 0, 1
-843.377686, 67.3675079, 406.779053

    Table:
    Color
    

Inner

    Table:
    Type
    OpenFun
    Resolved
    State
    Model
    Settings
    OpenCFrame
    CloseFun
    AwaitingDoorClose
    ClosedCFrame
    Tag
    

243
84.0149994, 100, 113.203003
-1588/0
-1418.37659, 22.1374454, 255.068542, 0.166477129, -0.0220307857, 0.985799193, -4.65661287e-10, 0.999750435, 0.0223425683, -0.986045361, -0.00371952704, 0.166435555
SwingDoor
DeveloperConsole
SwingDoor

    Table:
    FadedOut
    FadedIn
    


    Table:
    Name
    Price
    Icon
    

976900486
359/-1355
976900510
Minty
3eca8737-2c79-4ba3-8d48-f78de434f466
1679468951
Enum
Seat
Player

    Table:
    Direction
    OpenFun
    Type
    Resolved
    State
    AwaitingDoorClose
    Settings
    Model
    CloseFun
    HingeRelativeCFrame
    ClosedCFrame
    Tag
    

294
Rim
300
600.669373, 16.0874443, 1010.74139, -0.997673035, -0, -0.0681801885, -0, 1, -0, 0.0681801885, 0, -0.997673035
0, 0.765, 0.9
Drawer
!74fa0f2e-3775-430b-9c64-8d4967a9216d
1191/736

    Table:
    TextTransparency
    TextStrokeTransparency
    

Swirl
976900222

    Table:
    Type
    ServerOnly
    Duration
    TeamBlacklist
    SequenceRequireState
    Character
    Key
    Team
    Vehicle
    Delay
    Locked
    

Touch
-1495.89612, 1.4500618, -1738.06116
-1436/-1626
976900318
Player

    Table:
    

354

    Table:
    Target
    Current
    NormalizedExptValue
    

360
Passenger

    Table:
    1
    totalWeight
    count
    connections
    

-1567.70996, 19.2481384, 708.154114, -0.139141202, -3.01137925e-06, 0.990272582, -4.30547771e-05, 1, -3.00858028e-06, -0.990272582, -4.30545806e-05, -0.139141217
976900462

    Table:
    Proxy
    Direction
    NoAnimate
    Open
    CloseTime
    


    Table:
    Type
    Name
    RarityId
    Rarity
    EffectivePrice
    

0/0
396
-1431.7074, 21.8374462, 253.172577, 0.115216658, -0.0220441576, 0.993095756, -0, 0.999753714, 0.0221919473, -0.993340373, -0.0025568821, 0.115188286

    Table:
    Part
    Fun
    Tag
    

SwingDoor
-1.57079637, 0, 0
436.220001, 14.0799999, 115.860001
RightStaticLimb
1652298811
414
-1421.09644, 0.31003952, -1842.70093, -1, 0, 0, 0, 1, 0, 0, 0, -1

    Table:
    Type
    OpenFun
    Resolved
    State
    Model
    Settings
    OpenCFrame
    CloseFun
    AwaitingDoorClose
    ClosedCFrame
    Tag
    

3423.1979980469
ColorSequence
!d421b9e3-3fb0-426f-a3b6-fa9ff221d2b3
438.000244, 22.6467094, -1379.0249
0.0509804, 0.411765, 0.67451
Music
ImageLabel
Seat

    Table:
    Target
    Current
    NormalizedExptValue
    


    Table:
    Name
    Price
    Icon
    

2735.2958984375

    Table:
    Target
    Current
    NormalizedExptValue
    

3039.3608398438
616.78833, 16.0874443, 1124.104, -0.989386678, -0, -0.145307049, -0, 1.00000012, -0, 0.145307049, 0, -0.989386678
7454
105, 105

    Table:
    Impulse
    TimeSkip
    

-874.507629, 16.5984745, -1142.29492

    Table:
    Sort
    Center
    Model
    Parent
    Locked
    Loaded
    MinDist
    


    Table:
    Proxy
    Direction
    NoAnimate
    Open
    CloseTime
    

SwingDoor
-930.735413, 55.167511, -1642.09155

    Table:
    Type
    Name
    RarityId
    Rarity
    EffectivePrice
    

0.105882, 0.164706, 0.207843
500
-1436/-1897
Sound
Enum.SizeConstraint.RelativeXY

    Table:
    Name
    Price
    Icon
    


    Table:
    Proxy
    Direction
    NoAnimate
    Open
    CloseTime
    

0.0509804, 0.411765, 0.67451
Blank
540
b29b9a2b-429f-4af1-b24d-1ea8aacc6938

    Table:
    Size
    Position
    

-2.17520142, 0, 0.000366210938, 1, 3.05171125e-05, -3.05161811e-05, -3.05161811e-05, 1, 3.05171125e-05, 3.05171125e-05, -3.05161811e-05, 1

    Table:
    TextTransparency
    TextStrokeTransparency
    

ROGGUERO
0, 0

    Table:
    SettingsChanged
    

Wind
-1588/-1840
14.567733764648
-1471.53931, 21.5374451, 250.07869, 0.0697375312, -0.00450700242, 0.997555137, -0, 0.999989748, 0.00451800181, -0.997565389, -0.000315074285, 0.069736816
You lived a good life...
SlideDoor
0.738, 0.9, 0.72

    Table:
    Opened
    Closed
    

-1444.09668, 0.31003952, -1842.5116, 1, 0, 0, 0, 1, 0, 0, 0, 1

    Table:
    Proxy
    Direction
    NoAnimate
    Open
    CloseTime
    

Camo
-359/542
0.0509804, 0.411765, 0.67451
Sound
-1514.69617, 1.4500618, -1738.06116
Sound
TextButton
Seat

    Table:
    Target
    Current
    NormalizedExptValue
    


    Table:
    Color
    


    Table:
    Proxy
    Direction
    NoAnimate
    Open
    CloseTime
    

662.455688, 16.0874443, 1371.91235, -0.978151143, -0, -0.207895294, -0, 1.00000012, -0, 0.207895294, 0, -0.978151143
344/1484

    Table:
    


    Table:
    Sprites
    Texture
    

ColorCorrection
1191/0

    Table:
    NameColor
    Tags
    

18.760406494141

    Table:
    Name
    Price
    Icon
    


    Table:
    Part
    Distance
    Meta
    f
    


    Table:
    Destroy
    BaseMessage
    UpdateAnimFunction
    Destroyed
    GetHeightFunction
    BaseFrame
    ObjectPool
    ID
    FadeOutFunction
    FadeInFunction
    UpdateTextFunction
    

Touch
SizeConstraint
800
3551.4282226563
0/-1626

    Table:
    Type
    ServerOnly
    Duration
    TeamBlacklist
    SequenceRequireState
    Character
    Key
    Team
    Vehicle
    Delay
    Locked
    


    Table:
    Sort
    Center
    Model
    Parent
    Locked
    Loaded
    MinDist
    


    Table:
    Proxy
    Direction
    NoAnimate
    Open
    CloseTime
    

TextButton
Handle

    Table:
    Sort
    Center
    Model
    Parent
    Locked
    Loaded
    MinDist
    

1529778181
-1340.94531, 22.1249943, -1763.12476, 0, 0, -1, 0, 1, 0, 1, 0, 0
Raised
-1032/-1484

    Table:
    Type
    OpenFun
    Model
    Resolved
    State
    AwaitingDoorClose
    Name
    OpenCFrame
    CloseFun
    Settings
    ClosedCFrame
    Tag
    

Tier2
1588/0
256.06024169922
-1514.03809, 21.3374462, 247.859512, -0.0102466708, -0.00533018215, 0.999933302, -0, 0.999985754, 0.00533046201, -0.999947488, 5.46194897e-05, -0.0102465246
3535.4946289063

    Table:
    Size
    Position
    

Signal Event
948
ColorSequenceKeypoint
1529778501
1078961249

    Table:
    ImageId
    

1529778565
0.72, 0.9, 0.846
Sandstone
!7398ad73-c5b3-45ca-a2b9-f2c2d60fc04c
1000
!4cc6edc4-47c3-4d8d-a326-a04478568df9
BlueBarLeft
block

    Table:
    

1078963505

    Table:
    anim
    weight
    


    Table:
    Proxy
    Direction
    NoAnimate
    Open
    CloseTime
    


    Table:
    Type
    Name
    RarityId
    Rarity
    EffectivePrice
    


    Table:
    Target
    Current
    NormalizedExptValue
    

694.967163, 16.0874443, 1531.13281, -0.990504146, -0, -0.13748318, -0, 1.00000012, -0, 0.13748318, 0, -0.990504146
-1490.49731, 18.1580086, 329.826874
-344/1484
95, 95
-794/736

    Table:
    Target
    Current
    NormalizedExptValue
    


    Table:
    Color
    

1078963793

    Table:
    Type
    ServerOnly
    Duration
    TeamBlacklist
    SequenceRequireState
    Character
    Key
    Team
    Vehicle
    Delay
    Locked
    

Touch
Player
229.03675842285
-359/1084
Connection
Sound

    Table:
    anim
    weight
    


    Table:
    Target
    Current
    NormalizedExptValue
    

-1449.69629, 0.31003952, -1891.86121, 0, 0, -1, 0, 1, 0, 1, 0, 0
1529782419.5412

    Table:
    TextTransparency
    TextStrokeTransparency
    

BackgroundImage
Seat
1336
rbxassetid://1388264298
1352
1384

    Table:
    id
    weight
    

f4571c42-fb99-4299-944e-ae49f8bf429a

    Table:
    Direction
    OpenFun
    Type
    Resolved
    State
    AwaitingDoorClose
    Settings
    Model
    CloseFun
    HingeRelativeCFrame
    ClosedCFrame
    Tag
    

451.69812, 15.8874331, 1815.1145

    Table:
    1
    2
    3
    4
    5
    6
    

-1191/1104
1074287146
-1532.19629, 21.2874451, 248.569626, -0.0697724596, 0, 0.997562945, 0, 1, -0, -0.997562945, 0, -0.0697724596
1263060754
SwingDoor

    Table:
    Sort
    Center
    Model
    Parent
    Locked
    Loaded
    MinDist
    

Player
-1449.2113, -3.16497016, -1906.46094, 0, 0, 1, 0, 1, -0, -1, 0, 0

    Table:
    Type
    ServerOnly
    Duration
    TeamBlacklist
    SequenceRequireState
    Character
    Key
    Team
    Vehicle
    Delay
    Locked
    

-1795/542
266.08004760742
Grass
0f64acc7-4c87-47c1-b5eb-6530ad2c0298

    Table:
    1
    2
    3
    4
    

Object

    Table:
    Size
    Position
    

SelectedFrame
0.972549, 0.972549, 0.972549
Seat

    Table:
    IsFilterResult
    FromSpeaker
    OriginalChannel
    Message
    MessageLength
    Time
    SpeakerUserId
    ID
    IsFiltered
    ExtraData
    MessageType
    

18.012454986572

    Table:
    ImageId
    


    Table:
    Target
    Current
    NormalizedExptValue
    

0.247059, 0.666667, 0.878431
698.402832, 16.0874443, 1560.55005, -0.996657252, -0, -0.081697762, -0, 1, -0, 0.0816977695, 0, -0.996657133
MovementUpdate
-1376/1113
1263067314
-794/1104
961867779
961867787
0.854902, 0.521569, 0.254902

    Table:
    Type
    ServerOnly
    Duration
    TeamBlacklist
    SequenceRequireState
    Character
    Key
    Team
    Vehicle
    Delay
    Locked
    

SwingDoor
958187226

    Table:
    Type
    Name
    RarityId
    Rarity
    EffectivePrice
    

TextLabel
abee2950-e783-4a24-93d5-909e9a5a2228
1263060482
Yard Time
-1795/271
RightShoulder
Prison
Touch

    Table:
    TextTransparency
    TextStrokeTransparency
    


    Table:
    Name
    Price
    Icon
    

-1444.09668, 0.31003952, -1797.52148, 1, 0, 0, 0, 1, 0, 0, 0, 1

    Table:
    Type
    OpenFun
    Resolved
    State
    Model
    Settings
    OpenCFrame
    CloseFun
    AwaitingDoorClose
    ClosedCFrame
    Tag
    

UnselectedFrame
Passenger
0.831373, 0.564706, 0.741176
2319.9396972656
Connection
-1593.65674, 19.2481384, 683.046082, 0.139168277, 4.30528125e-05, -0.990268767, -3.01012597e-06, 1, 4.30528598e-05, 0.990268767, -3.01075806e-06, 0.139168277
7f0-bd
-1032/1113
b16bd79b-b3a2-4eba-80e9-6be383149589

    Table:
    Target
    Current
    NormalizedExptValue
    

Streetlights

    Table:
    Forward
    Glider
    Descent
    

-1549.86108, 21.2374458, 250.406631, -0.136342391, -0.00552205183, 0.990646362, -0, 0.999984443, 0.00557410391, -0.9906618, 0.000759986637, -0.136340261
SwingDoor
Connection
Frame
-1444.09668, 0.31003952, -1837.52148, 1, 0, 0, 0, 1, 0, 0, 0, 1

    Table:
    Type
    ServerOnly
    Duration
    TeamBlacklist
    SequenceRequireState
    Character
    Key
    Team
    Vehicle
    Delay
    Locked
    

Tier #4
Cells

    Table:
    Glow
    WindowColor
    Rim
    Engine
    Brakes
    BodyColor
    SuspensionHeight
    WheelColor
    Texture
    

Thrust
-826.514282, 49.9008446, -1005.88647

    Table:
    Sort
    Center
    Model
    Parent
    Locked
    Loaded
    MinDist
    

Passenger
Connection
973.130066, 88.9623718, 1359.21484

    Table:
    Type
    ServerOnly
    Duration
    TeamBlacklist
    SequenceRequireState
    Character
    Key
    Team
    Vehicle
    Delay
    Locked
    

TrackCamera

    Table:
    id
    weight
    

699.30188, 16.0874443, 1581.20459, -0.999992967, 0, 0.0037632864, 0, 1, -0, -0.00376328686, 0, -0.999992847
2, 2
1376/742
Drawer

    Table:
    Size
    Position
    

0.992157, 0.4, 0.0313726

    Table:
    

Connection

    Table:
    Name
    Price
    Icon
    

SlideDoor

    Table:
    Part
    Fun
    Tag
    

Touch
StarterPack
RightElbow
Player
red

    Table:
    Sort
    Center
    Model
    Parent
    Locked
    Loaded
    MinDist
    


    Table:
    Direction
    OpenFun
    Type
    Resolved
    State
    AwaitingDoorClose
    Settings
    Model
    CloseFun
    HingeRelativeCFrame
    ClosedCFrame
    Tag
    

Connection
Frame_Team
904788368
Door
96.539611816406
3391.9208984375
-1209.67993, 19.450058, -1557.57471, -1, 0, 0, 0, 1, 0, 0, 0, -1
Connection
1376/371

    Table:
    Type
    OpenFun
    Resolved
    State
    AwaitingDoorOpen
    Time
    OpenCFrame
    CloseFun
    Settings
    ClosedCFrame
    Tag
    

0.854902, 0.521569, 0.254902
Connection
-1597.07446, 20.7874432, 258.308167, -0.17166394, -0.0101283751, 0.985103488, -1.16415322e-10, 0.99994719, 0.01028099, -0.985155642, 0.00176487514, -0.17165485
SwingDoor

    Table:
    Size
    Position
    

904788536
Door

    Table:
    IsFilterResult
    FromSpeaker
    OriginalChannel
    Message
    MessageLength
    Time
    SpeakerUserId
    ID
    IsFiltered
    ExtraData
    MessageType
    


    Table:
    fromAxisAngle
    fromOrientation
    fromEulerAnglesXYZ
    Angles
    fromEulerAnglesYXZ
    new
    


    Table:
    ImageId
    

894311924
904789096
RightStaticLimb
894313964
Drawer1
894311956

    Table:
    Part
    Fun
    Tag
    

904789160

    Table:
    anim
    weight
    

Passenger
White

    Table:
    Sort
    Center
    Model
    Parent
    Locked
    Loaded
    MinDist
    

TextLabel
894313556
18.389776229858

    Table:
    Type
    Name
    RarityId
    Rarity
    EffectivePrice
    

894314084
